function plot_pop_overlap

    Colour_cube = [0 0 0
        213/255 94/255 0 % Vermillion
        230/255 159/255 0 % Orange
        240/255 228/255 66/255 % Yellow
        0 158/255 115/255 % Bluish green
        86/255 180/255 233/255 % Sky blue
        0 114/255 178/255 % Blue
        204/255 121/255 167/255 % Reddish purple
        0.5 0.5 0.5]; % Gray

    % From analyse_population.nb
    SNR = [70.1875, 51.4284, 56.6448, 60.9731, 21.8433, 52.7982, 23.7042,  36.2833, 17.4335, 76.4502, 36.1407, 25.1984, 17.0621, 36.5038,  31.6015, 26.3492, 17.6434, 18.1633, 20.0794, 55.1473, 44.3521,  18.3533, 15.8701, 15.0657, 17.5525, 28.2467, 26.2184, 20.8776,  17.0778, 25.3732, 24.7565, 26.5562, 26.1024, 19.2594, 27.2579,  17.8678, 20.7458, 24.965, 15.0387, 17.3408, 19.9272, 29.3477,  23.0111, 29.2082, 23.5387, 28.8501, 32.9321, 16.2862, 21.0746,  17.7186, 16.8952, 15.5229, 26.5321, 27.8968, 26.0581, 31.0297,  19.6141, 16.9867, 18.077, 21.3162, 15.8422, 15.3012, 20.5882,  17.7982, 17.9511, 23.5375, 20.9114, 27.5673, 15.8872, 24.2043,  20.8464, 16.0371, 17.7657, 25.4534, 24.9518, 18.6827, 17.0871,  18.6833, 20.442, 19.8649, 17.2197, 18.8884, 28.986, 30.9798,  19.5682, 19.2796, 17.9669, 16.6977, 16.6941, 17.5346, 16.2181,  16.3699, 15.3976, 20.207, 15.679, 18.8524, 15.0583, 18.1429,  19.5645, 17.6559, 18.908, 16.8141, 17.0581, 20.2352, 16.6646,  17.7126, 19.3223, 21.1969, 17.105, 20.7919, 16.3018, 15.3686,  20.6951, 20.2427, 18.9497, 28.4021, 18.2772, 16.0311, 17.9048,  15.8581, 18.96, 56.5411, 80.6405, 42.3922, 118.821, 70.5086,  37.5213, 43.1142, 50.1068, 19.1424, 58.3592, 62.677, 22.2083,  44.014, 34.968, 20.9255, 65.4703, 48.1654, 18.3537, 46.4868,  17.2628, 24.9159, 19.3447, 54.3648, 32.3299, 32.1399, 46.1392,  25.5337, 45.2931, 46.7552, 32.6821, 54.0871, 54.6081, 15.9491,  30.9521, 34.6653, 45.8773, 37.6008, 39.7206, 85.4418, 28.3499,  30.3433, 16.1548, 19.941, 17.7506, 52.5355, 20.5183, 26.5026,  17.2295, 21.8108, 30.3834, 39.1656, 15.8758, 24.2219, 37.3834,  26.4806, 18.8615, 38.7939, 27.3661, 91.6016, 19.5125, 23.6297,  37.5855, 18.4235, 42.35, 16.9136, 29.3705, 40.3123, 16.0815,  16.6889, 30.3236, 41.4866, 19.6358, 23.6251, 23.5537, 28.4807,  37.7534, 30.7505, 28.4448, 21.5533, 27.7879, 29.7519, 33.3871,  23.3542, 20.4501, 61.0035, 21.2862, 26.1894, 36.9064, 20.7395,  32.4244, 22.2831, 33.4215, 36.8163, 27.9649, 16.6803, 23.042,  18.5897, 22.7439, 18.1854, 15.1929, 21.7327, 28.911, 26.3172,  17.0363, 22.1408, 24.8015, 21.4859, 25.5029, 30.1208, 15.5865,  26.1699, 24.2993, 19.8286, 18.7823, 19.6101, 18.9147, 29.5745,  16.5177, 24.1697, 29.5213, 44.7342, 16.7277, 32.3375, 17.8372,  23.2104, 25.9392, 43.4407, 22.704, 16.7601, 18.1531, 18.7832,  38.0238, 20.3075, 20.8282, 17.9753, 27.2451, 24.8013, 21.009,  34.5542, 15.4662, 21.6702, 30.7255, 19.794, 19.6755, 23.6014,  15.7092, 15.1679, 15.7589, 23.2299, 19.6637, 16.9628, 25.6079,  31.6536, 29.4646, 28.0801, 19.6772, 34.3728, 19.4294, 25.457,  32.2648, 28.6176, 17.5169, 17.1736, 15.6109, 15.3741, 19.5172,  17.374, 20.2926, 17.5911, 38.6962, 15.0598, 23.0265, 19.9398,  33.9061, 19.1862, 21.7858, 37.4804, 15.0808, 33.7521, 17.6192,  18.4176, 33.3378, 30.0162, 25.8831, 18.4947, 16.8377, 18.5049,  15.417, 20.7944, 19.5028, 26.1754, 17.6484, 30.5174, 24.9089,  21.4866, 21.3467, 15.9037, 19.308, 15.5288, 19.6439, 24.0754,  25.4599, 22.792, 22.7514, 17.8958, 15.8413, 15.713, 28.635,  15.2382, 16.783, 17.1881, 18.597, 28.9109, 17.9141, 20.5095,  18.681, 27.5818, 16.1513, 23.3986, 25.1777, 39.7136, 23.9028,  23.9016, 20.1299, 21.2685, 22.3531, 18.4886, 17.7432, 18.3374,  20.2493, 19.3999, 16.7837, 23.1834, 19.3143, 27.6502, 15.1147,  17.5761, 22.7674, 16.0363, 23.1881, 20.7267, 15.1775, 16.7907,  20.2856, 38.7218, 22.2629, 15.0893, 34.4287, 27.4907, 18.803,  22.3695, 17.286, 16.2697, 16.1014, 15.1729, 15.6878, 16.659,  17.8272, 19.8065, 16.9139, 15.4451, 24.0825, 21.3324, 15.8006,  19.2759, 18.3998, 17.1376, 20.8085, 18.1604, 20.3882, 32.3731,  19.4591, 20.613, 19.7208, 15.1764, 16.1147, 16.7924, 19.6387,  15.1132, 18.8731, 18.4606, 16.4587, 19.411, 15.2898, 15.8713,  20.1415, 15.2191, 16.6584, 17.1066, 17.9419, 18.332, 16.596,  19.8104, 15.7676, 22.1676, 15.6618, 22.6143, 17.0524, 19.0942,  15.5208, 17.5124, 15.3061, 29.5874, 18.5085, 15.8721, 18.2567,  21.1396, 15.9285, 16.8204, 15.8471, 15.2969, 20.3401, 17.2517,  24.5404, 15.0525, 15.0288, 33.2161, 15.7307, 15.9591, 17.8109,  15.5586, 16.3117, 16.0248, 16.3283, 32.8648, 18.1049, 16.7292,  16.8548, 16.64, 19.2626, 17.8931, 22.3928, 17.5257, 17.6265,  15.3803, 17.0588, 18.2618, 16.3044, 25.3225, 15.9145, 15.7929,  24.9581, 15.0862, 24.0443, 15.4023, 15.2014, 28.6787, 21.2156,  21.6323, 21.0964, 24.3151, 22.888, 16.6307, 19.3765, 32.7887,  19.2595, 18.3391, 15.918, 15.9081, 31.9647, 15.6933, 21.2255,  15.9184, 18.2681, 16.8547, 19.5757, 16.9638, 15.5795, 16.6283,  17.7511, 15.0629, 15.6199, 15.0866, 15.6746, 21.0473, 15.6949,  17.0921, 21.9692, 16.0492, 19.2004, 25.5586, 23.7384, 20.3003,  20.9452, 15.5061;
